>> Derivative
yd =

    8.3220    4.6320    1.0422   -2.2820   -5.1667   -7.3290   -8.3020   -7.2990   -3.0600    6.5080   24.8970   48.7790

ydd =

   -7.78080   -7.38000   -6.97920   -6.31760   -5.22120   -3.42800   -0.46400    4.47600   12.48000   25.79200   47.76400   69.73600


